222
1 3 5 9 11 12 14 15 18 22 23 24 26 29 31 35 41 61 67 68 86 88 93
0 4 5 9 12 14 15 16 17 18 19 21 22 23 24 26 27 35 42 44 45 46 49 53 54 62 71 73 93 94 95 96 97 104 108 110 117 118 120 123 128 129 130 133 136 139 140 146 155 156 159 175 177
6 85
0 9 10 13 18 20 25 29 31 32 33 35 36 38 39 58 63 66 78 81 89 90 98 106 112 115 145 148
1 12 15 17 44 48 56 62 121
0 1 9 12 14 15 17 18 19 21 22 23 24 26 27 42 44 45 49 53 62 68 79 83 86 92 94 96 129 136 146
2 30
26
64
0 1 3 5 12 17 21 24 25 45 92 107
3 26 32 33 39 47 50 52 66 81 98 105
0
0 1 4 5 9 14 15 18 21 23 24 26 27 42 44 45 49 59 62 72 86 92 94 120 129 133
3 32 39 103
0 1 5 12
0 1 4 5 12 17 18 21 24 26 42 44 49 62 96 97 120
1 28 46 73
1 4 5 9 15 44 49
0 1 3 5 12 15 23 44 50 69 72 124 135
1 5
3 32 33 114
1 5 9 12 15 23 24 26 27 42 44 45 49 92 129 136 141
0 1 5
0 1 5 12 18 21 26 44
0 1 5 9 12 15 21 26 27 42 44 49
3 9 119 181
0 1 5 7 10 12 15 21 23 24 44 50 99
1 5 12 21 24
16 71
0 3 38 51
6
0 3
3 10 13 20 39 65 76 82 158
3 10 20
39
0 1 3
3 100
57 67
3 29
3 10 13 32 34 52 65 87 102 125 157 158
75
0
1 5 12 15 21 24 185
50
1 4 5 12 15 17 18 21 23 24 26 62
1 5 9 12 21
1 16
10
4 56 121 160
1 5 12 15 17 21 24
10 18 26 43 69 142
29
10 39
1 5
1
66
4 48 121
37 67
3
12
134
0
1 4 5 12 15 44 129
3
8 178 200
32 39 102
3 10 55 109 144
0 37 57
0 5
18 50 77 84
81
1 28
12 18
1 16
161
40 91
32
69
3 81 89 90
5
81 113 115
3 10 70 78 80
32
5
69
2
0 5 12
39
0
3 78 113
3 78
75
5 9 12 21
0 1
1 5 12
1
1 5 15
1 15
3 10
26
36
182
39 65
13
1
10
3
9
1
66
1
116
3
80 89
20
3 80
111
1
1
25 132 152 164 170 179 181 199 203 205
1 12 15
4 48 56
154 171 183 189
1
18
39
149
147 172 174
1
1 5 12 21 62
1
166 167 173 184 186 187 188 210 212 213 214
119 143 152 181 201
1 12
60
18
1 5 21
138
137
1
1
21
50
132 152 201
66
3
1 5
127 151 153 162 163 165 166 168 169 172 174 176 190 191 192 193 195 204 206 207 208 209 211 216 217 218
3
126
165 168
147 153 165 168 169 174 195
119 132 143 164 181 201
147 151 162 163 165 166 168 169 174 190 191 192 195 204 206 207 208 209 211 216 217 218
122
1
1
39
32 39
1
48
74
147 153 163 190 191 192 206 207 208 209 211 216 217 218
147 153 162 190 191 192 206 207 208 209 211 216 217 218
119 152 181
147 150 151 153 166 168 169 174 179 180 193 194 195 197 198 202
131 147 153 165
131 173 184 186
147 150 151 153 165 169 174 179 180 197 202
147 151 153 165 168 174
119 181
122
127 147 174
131 167 186
127 147 151 153 165 168 169 172
1
147
1
64
119 165 168 180 181 196 197
165 168 179 197
25 119 132 152 164 170 179 199 203
101
122
131 167
42
131 167 173
131
131
122
147 153 162 163 191 192 206 207 208 209 211 216 217 218
147 153 162 163 190 192 206 207 208 209 211 216 217 218
147 153 162 163 190 191 206 207 208 209 211 216 217 218
147 165
165
147 151 153 165
179
165 168 179 180
165
119 181 203
64
132 143 152
165 168
119 181 199
147 153
119
147 153 162 163 190 191 192 207 208 209 211 216 217 218
147 153 162 163 190 191 192 206 208 209 211 216 217 218
147 153 162 163 190 191 192 206 207 209 211 216 217 218
147 153 162 163 190 191 192 206 207 208 211 216 217 218
131 212 214
147 153 162 163 190 191 192 206 207 208 209 216 217 218
131 210 214
131
131 210 212
219
147 153 162 163 190 191 192 206 207 208 209 211 217 218
147 153 162 163 190 191 192 206 207 208 209 211 216 218
147 153 162 163 190 191 192 206 207 208 209 211 216 217
215
221
220
